40566
40514
40447
40419
40434
40468
40524
40570
40605
40610
40562
40496
40471
40487
40532
40576
40619
40668
40684
40682
40636
40594
40556
40555
40565
40579
40599
40592
40570
40549
40512
40468
40422
40425
40449
40485
40509
40540
40536
40530
40545
40550
40569
40589
40633
40671
40688
40707
40703
40710
40706
40681
40653
40634
40630
40632
40623
40623
40618
40628
40635
40634
40611
40598
40572
40553
40514
40492
40486
40475
40478
40499
40545
40550
40569
40589
40633
40671
40688
40707
40703
40710
40706
40681
40653
40634
40630
40632
40623
40623
40618
40628
40476
40455
40388
40285
40195
40142
40138
40176
40241
40286
40317
40342
40350
40327
40275
40254
40261
40286
40322
40358
40390
40428
40422
40402
40362
40332
40310
40316
40353
40399
40436
40456
40455
40419
40348
40289
40259
40260
40283
40313
40342
40351
40361
40361
40366
40347
40324
40313
40306
40306
40314
40322
40310
40304
40311
40311
40296
40283
40277
40290
40289
40284
40279
40287
40299
40317
40341
40346
40348
40346
40332
40306
40261
40242
40239
40257
40282
40300
40322
40319
40317
40303
40272
40264
40254
40266
40277
40286
40291
40293
40298
40271
40230
40205
40207
40219
40217
40212
40207
40195
40180
40156
40119
40101
40104
40120
40177
40238
40280
40306
40301
40272
40223
40169
40132
40139
40166
40206
40225
40252
40274
40286
40253
40241
40233
40221
40208
40157
40122
40131
40139
40146
40147
40160
40196
40197
40188
40172
40169
40155
40136
40127
40117
40111
40112
40128
40150
40171
40196
40210
40196
40163
40095
40039
40013
40023
40055
40102
40121
40135
40126
40125
40096
40061
40031
40027
40030
40074
40094
40100
40107
40118
40110
40107
40103
40100
40098
40094
40097
40085
40075
40061
40039
40030
40013
40000
40001
40002
40005
39994
39977
39968
39977
39984
39987
39994
39994
40001
40003
40007
40005
40010
40017
40017
40023
40026
40031
40026
40018
40028
40026
40024
40014
40014
40021
40017
40011
39994
39981
39990
40005
40032
40042
40036
40016
40015
40011
40010
40008
40011
40032
40036
40030
40017
40020
40003
39994
39996
39998
40006
40012
40017
40018
40002
39978
39956
39942
39963
39963
39971
39983
39983
39982
39969
39951
39943
39952
39964
39987
40016
40023
40035
40028
40021
39996
39978
39984
39966
39974
39994
40013
40031
40017
40000
39973
39949
39947
39952
39959
39990
40026
40045
40040
40031
40020
40027
40040
40054
40059
40063
40075
40106
40135
40154
40184
40195
40205
40206
40185
40165
40151
40141
40131
40146
40144
40152
40150
40147
40143
40149
40145
40139
40144
40134
40125
40121
40125
40119
40113
40100
40084
40071